0
1
2
3
4
5
6
7
8
9
10
11
12
13
14
15
16
17
18
19
20
21
22
23
24
25
26
27
28
29
30
31
32
33
34
35
35.5
36
36.5
37
37.5
38
38.5
39
39.5
40
40.5
41
41.5
42
42.5
43
43.5
44
44.5
45
45.5
46
46.5
47
47.5
48
48.5
49
49.5
50
50.5
51
51.5
52
52.5
53
53.5
54
54.5
55
56
57
58
59
60
61
62
63
64
65
65
64
63
62
61
60
59
58
57
56
55
54.5
54
53.5
53
52.5
52
51.5
51
50.5
50
49.5
49
48.5
48
47.5
47
46.5
46
45.5
45
44.5
44
43.5
43
42.5
42
41.5
41
40.5
40
39.5
39
38.5
38
37.5
37
36.5
36
35.5
35
34
33
32
31
30
29
28
27
26
25
24
23
22
21
20
19
18
17
16
15
14
13
12
11
10
9
8
7
6
5
4
3
2
1
0